22
6 1000 A
9 1000 B
10 1000 C
20 1000 D
12 1000 E
19 1000 F
13 1000 G
18 1000 H
14 1000 I
17 1000 J
15 1000 K
16 1000 L
4 -1 Mobiles
5 -1 Laptops
8 -1 Men
11 -1 Women
3 -1 Academics
7 -1 Novels
22 -1 Electronics
21 -1 Clothing
2 -1 Books
1 -1 All Products
4 6
4 9
4 10
5 20
5 12
8 19
11 13
11 18
3 14
3 17
3 15
7 16
22 4
22 5
21 8
21 11
2 3
2 7
1 22
1 21
1 2
50
3 4
4 4 23 -1 Android Phones
3 4
3 4
3 1
3 22
3 22
3 5
3 7
3 11
3 2
5 6
4 4 25 -1 Nokia
4 25 27 900 R
4 25 26 800 S
3 25
1 27 20
3 25
1 26 10
3 25
3 22
3 1
5 27
3 1
3 22
3 25
3 1
3 25
3 26
3 1
5 22
3 1
2 3 200
1 17 99.999
2 17 200
3 3
3 2
3 1
5 3
4 2 3 -1 Academics
1 3 89
1 3 101
2 3 200
2 3 101
2 3 -10
1 3 -10
3 1
4 3 6 200 M
4 3 6 200 M
3 1